D1	D2	L1	L2	N1	N2	Shift	Time
0.48	0.52	0.00494	0.00427	10000	20000	97	5000
0.63	0.37	0.00397	0.00510	10000	20000	161	7368
0.67	0.33	0.00400	0.00485	10000	20000	208	9736
0.72	0.28	0.00376	0.00547	10000	20000	270	12105
0.76	0.24	0.00355	0.00549	10000	20000	312	14473
0.77	0.23	0.00348	0.00504	10000	20000	367	16842
0.80	0.20	0.00339	0.00598	10000	20000	421	19210
0.84	0.16	0.00314	0.00622	10000	20000	474	21578
0.82	0.18	0.00315	0.00334	10000	20000	306	23947
0.87	0.13	0.00299	0.00659	10000	20000	578	26315
0.90	0.10	0.00286	0.00675	10000	20000	626	28684
0.91	0.09	0.00292	0.00738	10000	20000	678	31052
0.84	0.16	0.00279	0.00279	10000	20000	217	33421
0.18	0.82	0.01728	0.00244	10000	20000	70	35789
0.88	0.12	0.00271	0.00312	10000	20000	418	38157
0.90	0.10	0.00274	0.00298	10000	20000	483	40526
0.93	0.07	0.00261	0.00254	10000	20000	262	42894
0.90	0.10	0.00255	0.00245	10000	20000	235	45263
0.93	0.07	0.00246	0.00241	10000	20000	278	47631
0.94	0.06	0.00253	0.00279	10000	20000	571	50000
0.45	0.55	0.00459	0.00451	10000	25263	101	5000
0.55	0.45	0.00383	0.00467	10000	25263	149	7368
0.59	0.41	0.00384	0.00505	10000	25263	209	9736
0.60	0.40	0.00368	0.00503	10000	25263	257	12105
0.63	0.37	0.00360	0.00527	10000	25263	316	14473
0.73	0.27	0.00318	0.00603	10000	25263	368	16842
0.73	0.27	0.00306	0.00551	10000	25263	414	19210
0.76	0.24	0.00291	0.00581	10000	25263	470	21578
0.80	0.20	0.00279	0.00607	10000	25263	523	23947
0.80	0.20	0.00289	0.00579	10000	25263	565	26315
0.81	0.19	0.00272	0.00663	10000	25263	627	28684
0.84	0.16	0.00267	0.00633	10000	25263	676	31052
0.85	0.15	0.00259	0.00575	10000	25263	725	33421
0.89	0.11	0.00236	0.00685	10000	25263	787	35789
0.89	0.11	0.00237	0.00734	10000	25263	824	38157
0.83	0.17	0.00228	0.00233	10000	25263	349	40526
0.85	0.15	0.00226	0.00230	10000	25263	390	42894
0.88	0.12	0.00224	0.00235	10000	25263	394	45263
0.92	0.08	0.00229	0.00661	10000	25263	1040	47631
0.56	0.44	0.00321	0.00179	10000	25263	186	50000
0.40	0.60	0.00409	0.00452	10000	30526	99	5000
0.45	0.55	0.00387	0.00472	10000	30526	157	7368
0.51	0.49	0.00347	0.00496	10000	30526	207	9736
0.55	0.45	0.00347	0.00503	10000	30526	261	12105
0.59	0.41	0.00324	0.00510	10000	30526	308	14473
0.62	0.38	0.00303	0.00510	10000	30526	363	16842
0.64	0.36	0.00300	0.00519	10000	30526	415	19210
0.66	0.34	0.00296	0.00516	10000	30526	464	21578
0.69	0.31	0.00285	0.00533	10000	30526	518	23947
0.72	0.28	0.00264	0.00545	10000	30526	560	26315
0.74	0.26	0.00252	0.00618	10000	30526	630	28684
0.77	0.23	0.00246	0.00552	10000	30526	672	31052
0.79	0.21	0.00236	0.00639	10000	30526	732	33421
0.81	0.19	0.00228	0.00667	10000	30526	785	35789
0.82	0.18	0.00232	0.00605	10000	30526	832	38157
0.85	0.15	0.00215	0.00661	10000	30526	890	40526
0.86	0.14	0.00216	0.00640	10000	30526	942	42894
0.87	0.13	0.00207	0.00635	10000	30526	986	45263
0.88	0.12	0.00205	0.00683	10000	30526	1038	47631
0.87	0.13	0.00199	0.00667	10000	30526	1085	50000
0.35	0.65	0.00428	0.00471	10000	35789	106	5000
0.39	0.61	0.00393	0.00468	10000	35789	159	7368
0.45	0.55	0.00326	0.00514	10000	35789	212	9736
0.48	0.52	0.00342	0.00519	10000	35789	261	12105
0.51	0.49	0.00313	0.00529	10000	35789	319	14473
0.55	0.45	0.00304	0.00532	10000	35789	357	16842
0.57	0.43	0.00297	0.00537	10000	35789	422	19210
0.58	0.42	0.00279	0.00526	10000	35789	466	21578
0.65	0.35	0.00258	0.00526	10000	35789	516	23947
0.69	0.31	0.00253	0.00603	10000	35789	582	26315
0.69	0.31	0.00244	0.00594	10000	35789	627	28684
0.71	0.29	0.00244	0.00564	10000	35789	671	31052
0.73	0.27	0.00223	0.00610	10000	35789	730	33421
0.74	0.26	0.00219	0.00610	10000	35789	775	35789
0.78	0.22	0.00213	0.00620	10000	35789	838	38157
0.77	0.23	0.00211	0.00603	10000	35789	888	40526
0.80	0.20	0.00201	0.00588	10000	35789	924	42894
0.80	0.20	0.00197	0.00586	10000	35789	993	45263
0.02	0.98	0.07635	0.00156	10000	35789	15	47631
0.85	0.15	0.00190	0.00595	10000	35789	1095	50000
0.32	0.68	0.00434	0.00451	10000	41052	103	5000
0.31	0.69	0.00414	0.00440	10000	41052	150	7368
0.38	0.62	0.00354	0.00483	10000	41052	208	9736
0.47	0.53	0.00307	0.00556	10000	41052	263	12105
0.45	0.55	0.00322	0.00505	10000	41052	314	14473
0.50	0.50	0.00296	0.00480	10000	41052	359	16842
0.52	0.48	0.00298	0.00483	10000	41052	415	19210
0.58	0.42	0.00267	0.00562	10000	41052	472	21578
0.58	0.42	0.00249	0.00550	10000	41052	526	23947
0.60	0.40	0.00245	0.00577	10000	41052	579	26315
0.66	0.34	0.00231	0.00594	10000	41052	628	28684
0.66	0.34	0.00229	0.00552	10000	41052	679	31052
0.69	0.31	0.00222	0.00566	10000	41052	728	33421
0.71	0.29	0.00212	0.00576	10000	41052	784	35789
0.73	0.27	0.00207	0.00559	10000	41052	828	38157
0.73	0.27	0.00202	0.00550	10000	41052	879	40526
0.77	0.23	0.00204	0.00565	10000	41052	943	42894
0.79	0.21	0.00189	0.00584	10000	41052	999	45263
0.78	0.22	0.00191	0.00603	10000	41052	1044	47631
0.78	0.22	0.00179	0.00634	10000	41052	1096	50000
0.27	0.73	0.00441	0.00456	10000	46315	104	5000
0.35	0.65	0.00336	0.00500	10000	46315	159	7368
0.38	0.62	0.00350	0.00486	10000	46315	215	9736
0.39	0.61	0.00311	0.00498	10000	46315	262	12105
0.41	0.59	0.00292	0.00490	10000	46315	316	14473
0.44	0.56	0.00296	0.00523	10000	46315	370	16842
0.46	0.54	0.00284	0.00519	10000	46315	415	19210
0.49	0.51	0.00271	0.00495	10000	46315	462	21578
0.53	0.47	0.00245	0.00529	10000	46315	525	23947
0.56	0.44	0.00242	0.00529	10000	46315	572	26315
0.59	0.41	0.00233	0.00554	10000	46315	625	28684
0.61	0.39	0.00229	0.00535	10000	46315	673	31052
0.65	0.35	0.00214	0.00544	10000	46315	731	33421
0.66	0.34	0.00205	0.00521	10000	46315	780	35789
0.65	0.35	0.00203	0.00544	10000	46315	830	38157
0.68	0.32	0.00193	0.00561	10000	46315	879	40526
0.70	0.30	0.00190	0.00579	10000	46315	933	42894
0.74	0.26	0.00189	0.00572	10000	46315	992	45263
0.73	0.27	0.00181	0.00532	10000	46315	1034	47631
0.75	0.25	0.00173	0.00559	10000	46315	1093	50000
0.22	0.78	0.00463	0.00426	10000	51578	101	5000
0.30	0.70	0.00391	0.00467	10000	51578	156	7368
0.32	0.68	0.00366	0.00472	10000	51578	205	9736
0.35	0.65	0.00329	0.00478	10000	51578	257	12105
0.40	0.60	0.00288	0.00484	10000	51578	312	14473
0.44	0.56	0.00286	0.00537	10000	51578	368	16842
0.44	0.56	0.00279	0.00500	10000	51578	412	19210
0.48	0.52	0.00259	0.00486	10000	51578	459	21578
0.50	0.50	0.00246	0.00525	10000	51578	520	23947
0.52	0.48	0.00245	0.00523	10000	51578	574	26315
0.55	0.45	0.00230	0.00514	10000	51578	624	28684
0.57	0.43	0.00214	0.00524	10000	51578	675	31052
0.58	0.42	0.00209	0.00547	10000	51578	724	33421
0.61	0.39	0.00201	0.00515	10000	51578	778	35789
0.64	0.36	0.00197	0.00522	10000	51578	829	38157
0.64	0.36	0.00187	0.00505	10000	51578	878	40526
0.67	0.33	0.00181	0.00575	10000	51578	937	42894
0.68	0.32	0.00178	0.00537	10000	51578	988	45263
0.70	0.30	0.00173	0.00519	10000	51578	1041	47631
0.72	0.28	0.00172	0.00543	10000	51578	1089	50000
0.23	0.77	0.00439	0.00441	10000	56842	99	5000
0.29	0.71	0.00364	0.00470	10000	56842	157	7368
0.29	0.71	0.00340	0.00461	10000	56842	206	9736
0.33	0.67	0.00348	0.00469	10000	56842	254	12105
0.36	0.64	0.00294	0.00497	10000	56842	311	14473
0.38	0.62	0.00272	0.00487	10000	56842	368	16842
0.41	0.59	0.00272	0.00496	10000	56842	413	19210
0.44	0.56	0.00267	0.00479	10000	56842	462	21578
0.47	0.53	0.00245	0.00500	10000	56842	518	23947
0.49	0.51	0.00240	0.00502	10000	56842	571	26315
0.52	0.48	0.00219	0.00518	10000	56842	623	28684
0.53	0.47	0.00220	0.00495	10000	56842	672	31052
0.55	0.45	0.00201	0.00521	10000	56842	729	33421
0.58	0.42	0.00200	0.00560	10000	56842	786	35789
0.59	0.41	0.00196	0.00518	10000	56842	825	38157
0.61	0.39	0.00188	0.00521	10000	56842	883	40526
0.62	0.38	0.00181	0.00548	10000	56842	936	42894
0.65	0.35	0.00174	0.00511	10000	56842	987	45263
0.65	0.35	0.00174	0.00535	10000	56842	1036	47631
0.66	0.34	0.00163	0.00577	10000	56842	1096	50000
0.18	0.82	0.00478	0.00433	10000	62105	99	5000
0.25	0.75	0.00348	0.00471	10000	62105	155	7368
0.29	0.71	0.00337	0.00477	10000	62105	206	9736
0.32	0.68	0.00289	0.00513	10000	62105	265	12105
0.32	0.68	0.00298	0.00481	10000	62105	311	14473
0.39	0.61	0.00277	0.00514	10000	62105	363	16842
0.38	0.62	0.00271	0.00489	10000	62105	412	19210
0.42	0.58	0.00255	0.00502	10000	62105	470	21578
0.44	0.56	0.00232	0.00533	10000	62105	522	23947
0.47	0.53	0.00237	0.00476	10000	62105	563	26315
0.47	0.53	0.00221	0.00526	10000	62105	628	28684
0.49	0.51	0.00217	0.00504	10000	62105	669	31052
0.53	0.47	0.00199	0.00535	10000	62105	733	33421
0.54	0.46	0.00194	0.00518	10000	62105	782	35789
0.55	0.45	0.00192	0.00518	10000	62105	830	38157
0.56	0.44	0.00180	0.00534	10000	62105	890	40526
0.61	0.39	0.00179	0.00542	10000	62105	942	42894
0.62	0.38	0.00172	0.00588	10000	62105	996	45263
0.62	0.38	0.00164	0.00525	10000	62105	1041	47631
0.62	0.38	0.00166	0.00520	10000	62105	1087	50000
0.21	0.79	0.00408	0.00448	10000	67368	107	5000
0.25	0.75	0.00359	0.00469	10000	67368	152	7368
0.24	0.76	0.00363	0.00478	10000	67368	204	9736
0.29	0.71	0.00314	0.00484	10000	67368	260	12105
0.31	0.69	0.00301	0.00497	10000	67368	310	14473
0.34	0.66	0.00277	0.00496	10000	67368	367	16842
0.37	0.63	0.00267	0.00469	10000	67368	414	19210
0.40	0.60	0.00254	0.00484	10000	67368	474	21578
0.42	0.58	0.00239	0.00508	10000	67368	523	23947
0.42	0.58	0.00219	0.00510	10000	67368	578	26315
0.48	0.52	0.00218	0.00525	10000	67368	629	28684
0.47	0.53	0.00203	0.00510	10000	67368	677	31052
0.49	0.51	0.00206	0.00509	10000	67368	729	33421
0.52	0.48	0.00200	0.00537	10000	67368	784	35789
0.52	0.48	0.00190	0.00503	10000	67368	827	38157
0.54	0.46	0.00187	0.00505	10000	67368	881	40526
0.57	0.43	0.00173	0.00523	10000	67368	935	42894
0.56	0.44	0.00168	0.00570	10000	67368	990	45263
0.59	0.41	0.00171	0.00508	10000	67368	1038	47631
0.59	0.41	0.00161	0.00511	10000	67368	1089	50000
0.16	0.84	0.00433	0.00430	10000	72631	100	5000
0.22	0.78	0.00306	0.00476	10000	72631	161	7368
0.25	0.75	0.00323	0.00475	10000	72631	207	9736
0.28	0.72	0.00306	0.00472	10000	72631	266	12105
0.31	0.69	0.00295	0.00476	10000	72631	310	14473
0.33	0.67	0.00263	0.00517	10000	72631	370	16842
0.32	0.68	0.00279	0.00461	10000	72631	411	19210
0.34	0.66	0.00252	0.00466	10000	72631	463	21578
0.38	0.62	0.00246	0.00487	10000	72631	518	23947
0.40	0.60	0.00235	0.00472	10000	72631	561	26315
0.43	0.57	0.00216	0.00484	10000	72631	622	28684
0.44	0.56	0.00216	0.00488	10000	72631	667	31052
0.46	0.54	0.00194	0.00504	10000	72631	726	33421
0.47	0.53	0.00191	0.00518	10000	72631	787	35789
0.47	0.53	0.00193	0.00507	10000	72631	834	38157
0.50	0.50	0.00177	0.00498	10000	72631	877	40526
0.54	0.46	0.00179	0.00545	10000	72631	932	42894
0.57	0.43	0.00169	0.00506	10000	72631	988	45263
0.55	0.45	0.00162	0.00474	10000	72631	1030	47631
0.58	0.42	0.00158	0.00525	10000	72631	1092	50000
0.18	0.82	0.00476	0.00449	10000	77894	107	5000
0.20	0.80	0.00359	0.00461	10000	77894	154	7368
0.24	0.76	0.00311	0.00467	10000	77894	206	9736
0.26	0.74	0.00303	0.00475	10000	77894	260	12105
0.30	0.70	0.00301	0.00479	10000	77894	311	14473
0.29	0.71	0.00276	0.00467	10000	77894	364	16842
0.34	0.66	0.00258	0.00469	10000	77894	414	19210
0.34	0.66	0.00250	0.00475	10000	77894	471	21578
0.36	0.64	0.00237	0.00470	10000	77894	516	23947
0.40	0.60	0.00221	0.00502	10000	77894	571	26315
0.40	0.60	0.00213	0.00511	10000	77894	622	28684
0.43	0.57	0.00198	0.00502	10000	77894	677	31052
0.43	0.57	0.00201	0.00506	10000	77894	732	33421
0.46	0.54	0.00187	0.00505	10000	77894	777	35789
0.47	0.53	0.00186	0.00512	10000	77894	835	38157
0.49	0.51	0.00174	0.00531	10000	77894	885	40526
0.51	0.49	0.00169	0.00542	10000	77894	943	42894
0.54	0.46	0.00164	0.00503	10000	77894	987	45263
0.55	0.45	0.00165	0.00533	10000	77894	1042	47631
0.53	0.47	0.00156	0.00534	10000	77894	1095	50000
0.14	0.86	0.00474	0.00433	10000	83157	101	5000
0.18	0.82	0.00342	0.00462	10000	83157	155	7368
0.22	0.78	0.00328	0.00485	10000	83157	211	9736
0.23	0.77	0.00327	0.00441	10000	83157	255	12105
0.25	0.75	0.00280	0.00491	10000	83157	315	14473
0.30	0.70	0.00269	0.00488	10000	83157	357	16842
0.31	0.69	0.00245	0.00474	10000	83157	414	19210
0.34	0.66	0.00236	0.00495	10000	83157	472	21578
0.35	0.65	0.00227	0.00480	10000	83157	521	23947
0.36	0.64	0.00220	0.00508	10000	83157	576	26315
0.37	0.63	0.00207	0.00505	10000	83157	626	28684
0.41	0.59	0.00206	0.00489	10000	83157	675	31052
0.42	0.58	0.00197	0.00512	10000	83157	729	33421
0.44	0.56	0.00186	0.00524	10000	83157	783	35789
0.47	0.53	0.00181	0.00524	10000	83157	835	38157
0.44	0.56	0.00176	0.00496	10000	83157	882	40526
0.51	0.49	0.00166	0.00494	10000	83157	933	42894
0.50	0.50	0.00170	0.00532	10000	83157	994	45263
0.49	0.51	0.00160	0.00513	10000	83157	1043	47631
0.52	0.48	0.00157	0.00493	10000	83157	1084	50000
0.16	0.84	0.00407	0.00446	10000	88421	105	5000
0.16	0.84	0.00379	0.00462	10000	88421	157	7368
0.21	0.79	0.00327	0.00468	10000	88421	208	9736
0.22	0.78	0.00312	0.00465	10000	88421	258	12105
0.28	0.72	0.00301	0.00492	10000	88421	316	14473
0.29	0.71	0.00270	0.00497	10000	88421	367	16842
0.29	0.71	0.00266	0.00486	10000	88421	417	19210
0.31	0.69	0.00245	0.00493	10000	88421	467	21578
0.33	0.67	0.00222	0.00486	10000	88421	522	23947
0.35	0.65	0.00225	0.00494	10000	88421	567	26315
0.37	0.63	0.00225	0.00491	10000	88421	623	28684
0.40	0.60	0.00199	0.00494	10000	88421	679	31052
0.41	0.59	0.00195	0.00501	10000	88421	728	33421
0.42	0.58	0.00185	0.00522	10000	88421	785	35789
0.41	0.59	0.00184	0.00493	10000	88421	831	38157
0.44	0.56	0.00178	0.00511	10000	88421	891	40526
0.46	0.54	0.00175	0.00499	10000	88421	939	42894
0.47	0.53	0.00164	0.00519	10000	88421	986	45263
0.50	0.50	0.00156	0.00519	10000	88421	1047	47631
0.53	0.47	0.00156	0.00469	10000	88421	1087	50000
0.15	0.85	0.00439	0.00429	10000	93684	99	5000
0.16	0.84	0.00383	0.00461	10000	93684	159	7368
0.18	0.82	0.00341	0.00474	10000	93684	212	9736
0.22	0.78	0.00306	0.00459	10000	93684	255	12105
0.22	0.78	0.00293	0.00466	10000	93684	314	14473
0.26	0.74	0.00255	0.00482	10000	93684	368	16842
0.28	0.72	0.00262	0.00466	10000	93684	416	19210
0.30	0.70	0.00242	0.00482	10000	93684	471	21578
0.32	0.68	0.00228	0.00502	10000	93684	520	23947
0.32	0.68	0.00229	0.00488	10000	93684	573	26315
0.35	0.65	0.00216	0.00495	10000	93684	620	28684
0.37	0.63	0.00203	0.00508	10000	93684	680	31052
0.38	0.62	0.00191	0.00510	10000	93684	731	33421
0.40	0.60	0.00185	0.00503	10000	93684	779	35789
0.43	0.57	0.00173	0.00534	10000	93684	834	38157
0.43	0.57	0.00169	0.00511	10000	93684	885	40526
0.44	0.56	0.00171	0.00515	10000	93684	936	42894
0.45	0.55	0.00159	0.00504	10000	93684	986	45263
0.47	0.53	0.00156	0.00485	10000	93684	1039	47631
0.49	0.51	0.00149	0.00491	10000	93684	1094	50000
0.12	0.88	0.00505	0.00429	10000	98947	105	5000
0.17	0.83	0.00381	0.00469	10000	98947	160	7368
0.18	0.82	0.00320	0.00472	10000	98947	210	9736
0.20	0.80	0.00300	0.00458	10000	98947	258	12105
0.22	0.78	0.00286	0.00453	10000	98947	312	14473
0.26	0.74	0.00274	0.00464	10000	98947	363	16842
0.27	0.73	0.00277	0.00467	10000	98947	415	19210
0.28	0.72	0.00233	0.00464	10000	98947	466	21578
0.29	0.71	0.00242	0.00522	10000	98947	525	23947
0.30	0.70	0.00220	0.00483	10000	98947	574	26315
0.34	0.66	0.00220	0.00483	10000	98947	619	28684
0.36	0.64	0.00203	0.00497	10000	98947	676	31052
0.37	0.63	0.00190	0.00472	10000	98947	725	33421
0.38	0.62	0.00190	0.00483	10000	98947	774	35789
0.41	0.59	0.00179	0.00501	10000	98947	830	38157
0.41	0.59	0.00173	0.00496	10000	98947	888	40526
0.44	0.56	0.00164	0.00492	10000	98947	938	42894
0.44	0.56	0.00165	0.00477	10000	98947	982	45263
0.46	0.54	0.00156	0.00509	10000	98947	1045	47631
0.46	0.54	0.00148	0.00520	10000	98947	1102	50000
0.12	0.88	0.00501	0.00437	10000	104210	107	5000
0.16	0.84	0.00390	0.00462	10000	104210	155	7368
0.17	0.83	0.00370	0.00460	10000	104210	208	9736
0.18	0.82	0.00294	0.00442	10000	104210	260	12105
0.21	0.79	0.00300	0.00469	10000	104210	308	14473
0.26	0.74	0.00250	0.00489	10000	104210	370	16842
0.27	0.73	0.00240	0.00475	10000	104210	411	19210
0.28	0.72	0.00240	0.00503	10000	104210	468	21578
0.30	0.70	0.00225	0.00496	10000	104210	519	23947
0.30	0.70	0.00219	0.00441	10000	104210	563	26315
0.30	0.70	0.00204	0.00469	10000	104210	624	28684
0.33	0.67	0.00196	0.00485	10000	104210	675	31052
0.35	0.65	0.00192	0.00477	10000	104210	726	33421
0.38	0.62	0.00186	0.00488	10000	104210	785	35789
0.39	0.61	0.00178	0.00517	10000	104210	830	38157
0.41	0.59	0.00171	0.00498	10000	104210	880	40526
0.41	0.59	0.00165	0.00525	10000	104210	942	42894
0.43	0.57	0.00164	0.00470	10000	104210	975	45263
0.43	0.57	0.00159	0.00506	10000	104210	1040	47631
0.46	0.54	0.00151	0.00498	10000	104210	1092	50000
0.13	0.87	0.00374	0.00454	10000	109473	107	5000
0.16	0.84	0.00292	0.00482	10000	109473	153	7368
0.16	0.84	0.00367	0.00434	10000	109473	202	9736
0.19	0.81	0.00298	0.00467	10000	109473	262	12105
0.19	0.81	0.00277	0.00466	10000	109473	308	14473
0.23	0.77	0.00252	0.00488	10000	109473	370	16842
0.24	0.76	0.00267	0.00451	10000	109473	403	19210
0.27	0.73	0.00252	0.00488	10000	109473	468	21578
0.27	0.73	0.00224	0.00485	10000	109473	517	23947
0.27	0.73	0.00221	0.00474	10000	109473	570	26315
0.30	0.70	0.00205	0.00488	10000	109473	627	28684
0.32	0.68	0.00198	0.00479	10000	109473	676	31052
0.35	0.65	0.00189	0.00475	10000	109473	726	33421
0.36	0.64	0.00179	0.00499	10000	109473	778	35789
0.37	0.63	0.00181	0.00497	10000	109473	831	38157
0.39	0.61	0.00171	0.00520	10000	109473	885	40526
0.38	0.62	0.00166	0.00498	10000	109473	937	42894
0.41	0.59	0.00158	0.00489	10000	109473	987	45263
0.42	0.58	0.00152	0.00493	10000	109473	1045	47631
0.43	0.57	0.00150	0.00482	10000	109473	1086	50000
0.13	0.87	0.00323	0.00475	10000	114736	110	5000
0.14	0.86	0.00371	0.00477	10000	114736	156	7368
0.17	0.83	0.00317	0.00469	10000	114736	207	9736
0.18	0.82	0.00290	0.00467	10000	114736	265	12105
0.20	0.80	0.00291	0.00491	10000	114736	314	14473
0.22	0.78	0.00267	0.00476	10000	114736	366	16842
0.23	0.77	0.00273	0.00451	10000	114736	410	19210
0.25	0.75	0.00232	0.00479	10000	114736	469	21578
0.25	0.75	0.00231	0.00487	10000	114736	520	23947
0.27	0.73	0.00213	0.00480	10000	114736	573	26315
0.29	0.71	0.00211	0.00466	10000	114736	620	28684
0.30	0.70	0.00198	0.00497	10000	114736	676	31052
0.33	0.67	0.00183	0.00499	10000	114736	736	33421
0.38	0.62	0.00174	0.00492	10000	114736	779	35789
0.35	0.65	0.00182	0.00486	10000	114736	833	38157
0.35	0.65	0.00172	0.00481	10000	114736	885	40526
0.39	0.61	0.00162	0.00487	10000	114736	938	42894
0.38	0.62	0.00162	0.00480	10000	114736	983	45263
0.41	0.59	0.00156	0.00465	10000	114736	1033	47631
0.44	0.56	0.00142	0.00509	10000	114736	1094	50000
0.13	0.87	0.00396	0.00444	10000	120000	103	5000
0.15	0.85	0.00346	0.00442	10000	120000	152	7368
0.18	0.82	0.00322	0.00456	10000	120000	204	9736
0.18	0.82	0.00291	0.00459	10000	120000	263	12105
0.20	0.80	0.00267	0.00486	10000	120000	317	14473
0.20	0.80	0.00266	0.00446	10000	120000	351	16842
0.22	0.78	0.00255	0.00461	10000	120000	410	19210
0.26	0.74	0.00227	0.00483	10000	120000	474	21578
0.25	0.75	0.00228	0.00484	10000	120000	525	23947
0.27	0.73	0.00215	0.00478	10000	120000	567	26315
0.28	0.72	0.00197	0.00483	10000	120000	625	28684
0.30	0.70	0.00194	0.00489	10000	120000	680	31052
0.32	0.68	0.00186	0.00492	10000	120000	730	33421
0.33	0.67	0.00182	0.00502	10000	120000	779	35789
0.35	0.65	0.00181	0.00473	10000	120000	826	38157
0.36	0.64	0.00168	0.00513	10000	120000	887	40526
0.38	0.62	0.00163	0.00478	10000	120000	929	42894
0.39	0.61	0.00153	0.00478	10000	120000	988	45263
0.39	0.61	0.00149	0.00512	10000	120000	1038	47631
0.41	0.59	0.00148	0.00527	10000	120000	1095	50000
